0.0,0.0,0.0,0.0,0.0,0.0,0.0,T
0.0,0.0,0.0,0.0,0.0,0.0,4.0,B
1.0,0.0,0.0,2.0,0.0,0.0,2.0,H
0.0,0.0,0.0,0.0,0.0,0.0,4.0,H
0.0,0.0,0.0,1.0,0.0,1.0,4.0,D
0.0,0.0,0.0,0.0,1.0,1.0,4.0,D
0.0,0.0,0.0,0.0,1.0,1.0,4.0,D
0.0,0.0,0.0,1.0,0.0,1.0,4.0,D
0.0,0.0,0.0,1.0,0.0,1.0,4.0,D
0.0,0.0,0.0,3.0,0.0,3.0,4.0,D
0.0,0.0,0.0,1.0,0.0,1.0,4.0,D
0.0,0.0,0.0,1.0,0.0,1.0,4.0,D
0.0,0.0,0.0,0.0,1.0,1.0,4.0,D
0.0,0.0,0.0,0.0,1.0,1.0,4.0,D
0.0,0.0,0.0,0.0,1.0,1.0,4.0,D
0.0,0.0,0.0,1.0,0.0,1.0,4.0,D
0.0,0.0,0.0,3.0,0.0,3.0,4.0,D
0.0,0.0,0.0,1.0,0.0,1.0,4.0,D
0.0,0.0,0.0,1.0,0.0,1.0,4.0,D
0.0,0.0,0.0,2.0,1.0,2.0,4.0,D
0.0,0.0,0.0,1.0,0.0,1.0,4.0,D
0.0,0.0,0.0,1.0,0.0,1.0,4.0,D
0.0,0.0,0.0,1.0,0.0,1.0,4.0,D
0.0,0.0,0.0,0.0,1.0,1.0,4.0,D
0.0,0.0,0.0,2.0,0.0,2.0,4.0,D
0.0,0.0,0.0,1.0,0.0,1.0,4.0,D
0.0,0.0,0.0,1.0,0.0,1.0,4.0,D
0.0,0.0,0.0,1.0,0.0,1.0,4.0,D
0.0,0.0,0.0,1.0,0.0,1.0,4.0,D
0.0,0.0,0.0,1.0,0.0,1.0,4.0,D
0.0,0.0,0.0,1.0,0.0,1.0,4.0,D
0.0,0.0,0.0,1.0,0.0,1.0,4.0,D
0.0,0.0,0.0,1.0,0.0,1.0,4.0,D
0.0,0.0,0.0,1.0,0.0,1.0,4.0,D
0.0,0.0,0.0,1.0,0.0,1.0,4.0,D
0.0,0.0,0.0,1.0,0.0,1.0,4.0,D
0.0,0.0,0.0,1.0,0.0,1.0,4.0,D
0.0,0.0,0.0,1.0,0.0,1.0,4.0,D
0.0,0.0,0.0,0.0,1.0,1.0,4.0,D
0.0,0.0,0.0,1.0,1.0,2.0,4.0,D
0.0,0.0,0.0,0.0,1.0,1.0,4.0,D
0.0,0.0,0.0,0.0,1.0,1.0,4.0,D
0.0,0.0,0.0,3.0,0.0,3.0,4.0,D
0.0,0.0,0.0,1.0,0.0,1.0,4.0,D
0.0,0.0,0.0,1.0,0.0,1.0,4.0,D
0.0,0.0,0.0,1.0,0.0,1.0,4.0,D
0.0,0.0,0.0,1.0,0.0,1.0,4.0,D
0.0,0.0,0.0,1.0,0.0,1.0,4.0,D
0.0,0.0,0.0,3.0,1.0,3.0,4.0,D
0.0,0.0,0.0,0.0,1.0,1.0,4.0,D
0.0,0.0,0.0,1.0,0.0,1.0,4.0,D
0.0,0.0,0.0,1.0,0.0,1.0,4.0,D
0.0,0.0,0.0,3.0,0.0,3.0,4.0,D
0.0,0.0,0.0,2.0,0.0,2.0,4.0,D
0.0,0.0,0.0,1.0,0.0,1.0,4.0,D
0.0,0.0,0.0,1.0,0.0,1.0,4.0,D
0.0,0.0,0.0,3.0,0.0,3.0,4.0,D
0.0,0.0,0.0,1.0,0.0,1.0,4.0,D
0.0,0.0,0.0,2.0,0.0,2.0,4.0,D
0.0,0.0,0.0,4.0,0.0,4.0,4.0,D
0.0,0.0,0.0,1.0,0.0,1.0,4.0,D
0.0,0.0,0.0,3.0,0.0,3.0,4.0,D
0.0,0.0,0.0,0.0,1.0,1.0,4.0,D
0.0,0.0,0.0,2.0,0.0,2.0,4.0,D
0.0,0.0,0.0,2.0,0.0,2.0,4.0,D
0.0,0.0,0.0,1.0,0.0,1.0,4.0,D
0.0,0.0,0.0,1.0,1.0,2.0,4.0,D
0.0,0.0,0.0,2.0,0.0,2.0,4.0,D
0.0,0.0,0.0,1.0,0.0,1.0,4.0,D
0.0,0.0,0.0,1.0,0.0,1.0,4.0,D
0.0,0.0,0.0,1.0,0.0,1.0,4.0,D
0.0,0.0,0.0,1.0,0.0,1.0,4.0,D
0.0,0.0,0.0,0.0,1.0,1.0,4.0,D
0.0,0.0,0.0,1.0,0.0,1.0,4.0,D
0.0,0.0,0.0,2.0,0.0,2.0,4.0,D
0.0,0.0,0.0,1.0,0.0,1.0,4.0,D
0.0,0.0,0.0,1.0,0.0,1.0,4.0,D
0.0,0.0,0.0,0.0,1.0,1.0,4.0,D
0.0,0.0,0.0,0.0,1.0,1.0,4.0,D
0.0,0.0,0.0,0.0,1.0,1.0,4.0,D
0.0,0.0,0.0,0.0,1.0,1.0,4.0,D
0.0,0.0,0.0,2.0,1.0,2.0,4.0,D
0.0,0.0,0.0,1.0,0.0,1.0,4.0,D
0.0,0.0,0.0,0.0,1.0,1.0,4.0,D
0.0,0.0,0.0,1.0,0.0,1.0,4.0,D
0.0,0.0,0.0,1.0,0.0,1.0,4.0,D
0.0,0.0,0.0,1.0,0.0,1.0,4.0,D
0.0,0.0,0.0,2.0,0.0,2.0,4.0,D
0.0,0.0,0.0,1.0,0.0,1.0,4.0,D
0.0,0.0,0.0,0.0,1.0,1.0,4.0,D
0.0,0.0,0.0,1.0,0.0,1.0,4.0,D
0.0,0.0,0.0,1.0,0.0,1.0,4.0,D
0.0,0.0,0.0,1.0,0.0,1.0,4.0,D
0.0,0.0,0.0,3.0,0.0,3.0,4.0,D
0.0,0.0,0.0,1.0,0.0,1.0,4.0,D
0.0,0.0,0.0,1.0,0.0,1.0,4.0,D
0.0,0.0,0.0,1.0,0.0,1.0,4.0,D
0.0,0.0,0.0,1.0,0.0,1.0,4.0,D
0.0,0.0,0.0,1.0,0.0,1.0,4.0,D
0.0,0.0,0.0,1.0,0.0,1.0,4.0,D
0.0,0.0,0.0,1.0,0.0,1.0,4.0,D
0.0,0.0,0.0,0.0,1.0,1.0,4.0,D
0.0,0.0,0.0,1.0,0.0,1.0,4.0,D
0.0,0.0,0.0,1.0,0.0,1.0,4.0,D
0.0,0.0,0.0,1.0,0.0,1.0,4.0,D
0.0,0.0,0.0,1.0,0.0,1.0,4.0,D
0.0,0.0,0.0,0.0,1.0,1.0,4.0,D
0.0,0.0,0.0,0.0,1.0,1.0,4.0,D
0.0,0.0,0.0,1.0,0.0,1.0,4.0,D
0.0,0.0,0.0,3.0,0.0,3.0,4.0,D
0.0,0.0,0.0,0.0,1.0,1.0,4.0,D
0.0,0.0,0.0,1.0,0.0,1.0,4.0,D
0.0,0.0,0.0,1.0,0.0,1.0,4.0,D
0.0,0.0,0.0,1.0,0.0,1.0,4.0,D
0.0,0.0,0.0,4.0,1.0,3.0,4.0,D
0.0,0.0,0.0,0.0,1.0,1.0,4.0,D
0.0,0.0,0.0,0.0,1.0,1.0,4.0,D
0.0,0.0,0.0,1.0,0.0,1.0,4.0,D
0.0,0.0,0.0,2.0,0.0,2.0,4.0,D
0.0,0.0,0.0,1.0,0.0,1.0,4.0,D
0.0,0.0,0.0,1.0,0.0,1.0,4.0,D
0.0,0.0,0.0,1.0,0.0,1.0,4.0,D
0.0,0.0,0.0,1.0,0.0,1.0,4.0,D
0.0,0.0,0.0,1.0,0.0,1.0,4.0,D
0.0,0.0,0.0,1.0,0.0,1.0,4.0,D
0.0,0.0,0.0,0.0,1.0,1.0,4.0,D
0.0,0.0,0.0,0.0,1.0,1.0,4.0,D
0.0,0.0,0.0,1.0,0.0,1.0,4.0,D
0.0,0.0,0.0,1.0,0.0,1.0,4.0,D
0.0,0.0,0.0,1.0,0.0,1.0,4.0,D
0.0,0.0,0.0,1.0,0.0,1.0,4.0,D
0.0,0.0,0.0,0.0,1.0,1.0,4.0,D
0.0,0.0,0.0,1.0,0.0,1.0,4.0,D
0.0,0.0,0.0,2.0,0.0,2.0,4.0,D
0.0,0.0,0.0,1.0,0.0,1.0,4.0,D
0.0,0.0,0.0,1.0,0.0,1.0,4.0,D
0.0,0.0,0.0,1.0,0.0,1.0,4.0,D
0.0,0.0,0.0,2.0,0.0,2.0,4.0,D
0.0,0.0,0.0,0.0,1.0,1.0,4.0,D
0.0,0.0,0.0,1.0,1.0,2.0,4.0,D
0.0,0.0,0.0,1.0,0.0,1.0,4.0,D
0.0,0.0,0.0,1.0,0.0,1.0,4.0,D
0.0,0.0,0.0,2.0,0.0,2.0,4.0,D
0.0,0.0,0.0,1.0,0.0,1.0,4.0,D
0.0,0.0,0.0,2.0,0.0,2.0,4.0,D
0.0,0.0,0.0,1.0,0.0,1.0,4.0,D
0.0,0.0,0.0,1.0,0.0,1.0,4.0,D
0.0,0.0,0.0,1.0,0.0,1.0,4.0,D
0.0,0.0,0.0,2.0,0.0,2.0,4.0,D
0.0,0.0,0.0,4.0,0.0,4.0,4.0,D
0.0,0.0,0.0,1.0,0.0,1.0,4.0,D
0.0,0.0,0.0,2.0,0.0,2.0,4.0,D
0.0,0.0,0.0,1.0,0.0,1.0,4.0,D
0.0,0.0,0.0,1.0,0.0,1.0,4.0,D
0.0,0.0,0.0,1.0,0.0,1.0,4.0,D
0.0,0.0,0.0,1.0,0.0,1.0,4.0,D
0.0,0.0,0.0,2.0,0.0,2.0,4.0,D
0.0,0.0,0.0,1.0,0.0,1.0,4.0,D
0.0,0.0,0.0,1.0,1.0,2.0,4.0,D
0.0,0.0,0.0,3.0,0.0,3.0,4.0,D
0.0,0.0,0.0,1.0,0.0,1.0,4.0,D
0.0,0.0,0.0,1.0,0.0,1.0,4.0,D
0.0,0.0,0.0,2.0,0.0,2.0,4.0,D
0.0,0.0,0.0,3.0,1.0,3.0,4.0,D
0.0,0.0,0.0,1.0,0.0,1.0,4.0,D
0.0,0.0,0.0,3.0,0.0,3.0,4.0,D
0.0,0.0,0.0,3.0,1.0,3.0,4.0,D
0.0,0.0,0.0,1.0,0.0,1.0,4.0,D
0.0,0.0,0.0,2.0,0.0,2.0,4.0,D
0.0,0.0,0.0,1.0,0.0,1.0,4.0,D
0.0,0.0,0.0,1.0,0.0,1.0,4.0,D
0.0,0.0,0.0,3.0,0.0,3.0,4.0,D
0.0,0.0,0.0,2.0,1.0,3.0,4.0,D
0.0,0.0,0.0,1.0,0.0,1.0,4.0,D
0.0,0.0,0.0,1.0,0.0,1.0,4.0,D
0.0,0.0,0.0,1.0,1.0,2.0,4.0,D
0.0,0.0,0.0,2.0,1.0,3.0,4.0,D
0.0,0.0,0.0,3.0,0.0,3.0,4.0,D
0.0,0.0,0.0,1.0,0.0,1.0,4.0,D
0.0,0.0,0.0,0.0,1.0,1.0,4.0,D
0.0,0.0,0.0,1.0,1.0,2.0,4.0,D
0.0,0.0,0.0,3.0,0.0,3.0,4.0,D
0.0,0.0,0.0,2.0,1.0,3.0,4.0,D
0.0,0.0,0.0,1.0,0.0,1.0,4.0,D
0.0,0.0,0.0,0.0,1.0,1.0,4.0,D
0.0,0.0,0.0,1.0,1.0,2.0,4.0,D
0.0,0.0,0.0,2.0,0.0,2.0,4.0,D
0.0,0.0,0.0,1.0,0.0,1.0,4.0,D
0.0,0.0,0.0,0.0,1.0,1.0,4.0,D
0.0,0.0,0.0,0.0,1.0,1.0,4.0,D
0.0,0.0,0.0,0.0,1.0,1.0,4.0,D
0.0,0.0,0.0,0.0,1.0,1.0,4.0,D
0.0,0.0,0.0,0.0,1.0,1.0,4.0,D
0.0,0.0,0.0,2.0,1.0,3.0,4.0,D
0.0,0.0,0.0,0.0,1.0,1.0,4.0,D
0.0,0.0,0.0,0.0,1.0,1.0,4.0,D
0.0,0.0,0.0,1.0,0.0,1.0,4.0,D
0.0,0.0,0.0,2.0,1.0,2.0,4.0,D
0.0,0.0,0.0,1.0,0.0,1.0,4.0,D
0.0,0.0,0.0,0.0,1.0,1.0,4.0,D
0.0,0.0,0.0,2.0,0.0,2.0,4.0,D
0.0,0.0,0.0,0.0,1.0,1.0,4.0,D
0.0,0.0,0.0,1.0,0.0,1.0,4.0,D
0.0,0.0,0.0,1.0,0.0,1.0,4.0,D
0.0,0.0,0.0,0.0,1.0,1.0,4.0,D
0.0,0.0,0.0,2.0,1.0,2.0,4.0,D
0.0,0.0,0.0,1.0,0.0,1.0,4.0,D
0.0,0.0,0.0,0.0,1.0,1.0,4.0,D
0.0,0.0,0.0,1.0,0.0,1.0,4.0,D
0.0,0.0,0.0,1.0,0.0,1.0,4.0,D
0.0,0.0,0.0,1.0,0.0,1.0,4.0,D
0.0,0.0,0.0,0.0,1.0,1.0,4.0,D
0.0,0.0,0.0,0.0,1.0,1.0,4.0,D
0.0,0.0,0.0,0.0,1.0,1.0,4.0,D
0.0,0.0,0.0,0.0,1.0,1.0,4.0,D
0.0,0.0,0.0,0.0,1.0,1.0,4.0,D
0.0,0.0,0.0,0.0,1.0,1.0,4.0,D
0.0,0.0,0.0,0.0,1.0,1.0,4.0,D
0.0,0.0,0.0,0.0,1.0,1.0,4.0,D
0.0,0.0,0.0,0.0,1.0,1.0,4.0,D
0.0,0.0,0.0,1.0,0.0,1.0,4.0,D
0.0,0.0,0.0,3.0,0.0,3.0,4.0,D
0.0,0.0,0.0,1.0,1.0,2.0,4.0,D
0.0,0.0,0.0,2.0,0.0,2.0,4.0,D
0.0,0.0,0.0,3.0,1.0,3.0,4.0,D
0.0,0.0,0.0,4.0,0.0,4.0,4.0,D
0.0,0.0,0.0,3.0,0.0,3.0,4.0,D
0.0,0.0,0.0,2.0,0.0,2.0,4.0,D
0.0,0.0,0.0,1.0,0.0,1.0,4.0,D
0.0,0.0,0.0,1.0,0.0,1.0,4.0,D
0.0,0.0,0.0,1.0,0.0,1.0,4.0,D
0.0,0.0,0.0,2.0,0.0,2.0,4.0,D
0.0,0.0,0.0,2.0,0.0,2.0,4.0,D
0.0,0.0,0.0,2.0,1.0,2.0,4.0,D
0.0,0.0,0.0,2.0,1.0,2.0,4.0,D
0.0,0.0,0.0,1.0,0.0,1.0,4.0,D
0.0,0.0,0.0,4.0,0.0,4.0,4.0,D
0.0,0.0,0.0,1.0,0.0,1.0,4.0,D
0.0,0.0,0.0,0.0,0.0,0.0,4.0,B
